0.354678215347156
0.6805881544558058
0.5373077822582432
0.5377541044689976
0.8642189971218525
0.26060105047035953
0.5758415307585008
1.1525316186283687
-0.37579899732568195
0.13582184741137657
1.0994781248451564
0.1872741798046606
0.08778238022781848
1.1119742757027524
0.11281749613061356
-0.261387600092222
0.9935122365204515
0.27044951563298025
-0.30334889454451736
0.9555427443871428
0.3003803022185859
0.11801616205338888
1.178086529476464
0.15647146053133176
0.40955517058724783
0.3445199049719025
-0.2415009234979498
0.24919278808926465
0.682201076240489
0.24118028773144962
0.3081358950573122
0.48964616492816193
0.03479209207572624
0.42758564423164225
0.7208535571458311
-0.13586504931626514
0.5174591013160172
0.9639493284071311
-0.17883427766194038
0.11840533683382806
0.8433570099112362
0.45081180531614157
0.11704801804807993
0.802670920804194
-0.24714478679107046
-0.24428025363149478
0.31592889091217147
0.4309255147805228
0.41669558612497626
0.8500496191579063
0.015828946778326962
-0.007251702297498336
0.31660866069996185
0.5932171936587384
-0.07499026412209527
0.9150431021217431
-0.14747868593844152
0.5246865859843619
0.2504022322521091
0.45748533382472867
0.5209593196965693
0.5784010368921768
0.07321379547245685
-0.0959678373866668
0.14408327390303446
0.4444587155448266
0.14735902608210588
0.13276505732188282
-0.11754993134279443
0.6015296860901439
1.5463237534368612
0.48124534800304875
-0.18227409466277836
1.6137813234383
-0.07240844124547416
0.0824927782564699
1.299265855808281
0.05734015346529521
-0.1376757970238506
1.4212656583500232
0.30550892620387227
0.44903462212829776
0.9728473117644407
0.3172168536372994
-0.08757677013900424
0.9082120967795853
0.3784634608894518
0.2673157666414085
0.7047967130709645
-0.0030136921823372496
-0.10357154405835513
0.8862818903976029
0.06638844119078763
0.04742713953850631
1.2145785359281869
0.4470931120633562
0.46319903629700276
0.824841141938482
0.651058609294553
0.4083522100830453
0.9901922397713908
0.6805543376755986
0.4092817124957012
0.7889312039446965
0.07088587108964026
-0.14486042529481832
0.6878690029151052
0.4160902099097479
0.3285356843176683
0.5376744504998723
0.6028886527124983
0.0834801122277972
1.0926948207238376
0.28292385457840824
0.2505857263885702
0.5811734916385475
0.5173395695029201
0.25313845151863346
1.319119205830816
-0.17315886981940962
0.3062554897731809
0.5003003128447582
0.05254298491209998
0.393184809210286
0.8919749948359754
0.6339389834837756
0.5712760850402963
1.2975306463973937
-0.10970794390765054
0.11288202951234838
0.43777704910209275
0.14843970891559574
0.04044639355677477
0.09561926526545943
0.3230331287077974
0.47843617871916466
0.44235663714486767
-0.09169402833399659
0.15087987839239983
0.5052417588107736
0.4223696885241418
0.4716455976550103
1.2948904989390604
0.33195522913326864
0.42638085278945154
1.113252217837497
-0.0711417448996051
0.3930354606173355
1.2789447619945438
0.03651110311546385
-0.14688265242017642
0.8314151934879707
-0.1460412153404612
0.18052600817947506
0.7004265461179712
-0.2724612285701131
0.2217564163645208
0.6279429175756902
0.24879199178711764
0.020295883590717382
0.5654359425631958
0.18275949957341592
0.19829320705068088
0.8600773569076761
0.26012076176897403
0.21129625602278032
0.9605262437894856
-0.31333117408493233
0.16492092804012912
0.8091190642874563
0.20445133339974536
0.32951976370597513
0.5762019192460864
0.45276964277526927
0.23457325286156988
0.8017773735859742
0.23214069927978923
0.06217541102105686
0.677105805315883
0.6992101093903887
-0.07310529145719788
0.7084285584792754
0.5531680587052538
0.670923193353225
0.8866512936191585
0.32091683875494376
0.6676564961759074
0.5996802834322829
0.6311545461191408
-0.006581364557719314
0.6036578930658637
0.6014147972191867
0.5508451444950035
1.075521294955721
0.2421248862766112
-0.1695535711508908
0.6908930372132627
0.07715185966496003
0.2899990394777199
0.7437326233235682
0.37475966292603985
0.42171615311515587
0.2575004289336695
0.6592747436784933
0.8363004550321403
0.6086074040489408
0.2835834666462504
0.09463199665569322
0.8238794432460375
-0.16409099447065292
0.37098608064625116
0.7751592867078231
-0.15172492192299472
0.2751477596714728
0.8586380593957851
-0.019363710812968168
0.20508682632578712
0.8363121208908865
-0.18697683896238
0.3087634063578541
0.6101863872669566
0.015472314629479098
0.5593451490040068
0.5914479557117731
0.2836290035385101
0.4895247060001269
0.5419974770279025
-0.017100074773737584
0.5149916240447825
1.0189871473540582
0.1604433368554344
0.5918966968072465
1.1132478009972284
-0.21072238955019812
-0.26388469131037473
0.8115220918358498
-0.113215292271185
0.5529883167311535
1.3028456204448118
0.6285881710783193
0.27016673077132547
0.5647760344706089
0.5194793430123599
-0.13890147659533356
0.5720251137894714
0.35129847106015366
0.2751890746010758
0.5252217247112307
-0.0659886910580133
-0.03269635664234601
0.47814868827075524
0.2589697766258923
0.21712263634992623
0.9979117368930147
-0.14061226498864537
-0.03767703451121306
0.48143988093666995
0.270659261828843
-0.04869510084564246
0.6335897106191606
0.24952749848077194
0.47176194546825034
0.6404359091542722
0.5022242536317663
0.023693512296012288
0.8055859471935413
0.445142648764741
-0.04360285133111824
0.8697405415872047
0.07828441799820947
0.117497245210683
0.6656525421176767
0.7012723209259323
0.4208562993653843
0.437012406321728
0.5165534025671817
-0.30258141740710776
1.36903097007476
0.11319417430307692
0.32155396230688066
0.7870391358226378
0.11105062884123133
-0.06197045477487255
1.4757984587401458
0.005815723005455838
-0.3512847475675833
1.114862031126355
0.39606644341195385
-0.2726778974168452
1.3181419164778532
0.5641797079097199
-0.2492994134622622
0.7211540126961659
0.6177891277368458
0.23304433537707184
1.1145691726968832
0.5820302188967837
-0.07647018578179277
0.9755233848677153
0.5405905278848283
-0.034348663771555335
0.7294279270710399
0.32456446367126623
0.4073661939174506
1.172303366095303
-0.14002583304201974
0.17761403300395986
0.8992784037417424
0.4327512902250591
0.016474343840446156
0.5651461633678965
0.3680232197624046
0.030962412160122646
1.2401931316157973
0.628488183194804
0.3006153677759758
0.916993160266955
0.09203519892782146
0.5258131072287011
0.33492594554483146
0.8589046741972018
0.1802450574397771
0.6184186354200073
0.09098003411096056
0.7171611624050708
0.9022595321002211
0.14022303246545456
0.054938113573792
0.8662508365231427
0.6284547768738282
-0.1309214894068499
0.7426907491767114
0.18787446720088677
-0.05800768299887189
0.5774491345811307
0.2702022753884899
-0.1493826258372751
0.6583834986449539
0.18064285416307757
0.7191231302080894
0.6166969967943504
0.4738235999683109
0.24674647144321252
0.6844253379888605
0.768471917538684
0.0197676018599425
1.0999108118451646
0.17650791334145938
0.08652338804383568
0.5771239083090725
0.49253903069367055
0.6163388407558921
0.8210718160384269
-0.041224329747749915
-0.0009036247677799955
1.4081240407694005
-0.3110340889550714
0.37312171242898395
0.6883967348583026
0.29466787975928793
0.08767649144713015
0.5891706797239271
0.3893391558755187
0.34686706522155325
0.4406244646917817
-0.17130520286674522
0.030692204349468025
1.2050712669594545
-0.20957714426237753
0.5955609711243748
0.5856685268207863
0.544956829101415
0.3730410431078115
0.9003615658993644
-0.24721628196060194
0.3236666429698822
0.8261488974205065
-0.15362921334381577
0.29242995639436786
1.1068610218960822
0.2668953487561135
-0.23419494693317552
0.7363209345994515
-0.18593966061970718
-0.2702902558428054
1.0284398069865042
0.5080367759028737
0.003601822630703286
0.6684015848850599
0.004182919530807805
-0.05097874552983764
0.9580157720086598
0.03914930056775161
0.03046907387097472
1.1601588544764527
0.06555839869912428
0.2796093813463868
1.202605121418955
0.7039718242812143
0.5942558515318876
0.3442620456693876
0.3776684298453104
-0.12364057127229741
0.687950679898542
0.3818762184203232
-0.18757271292854452
0.7400783577811735
0.6236806821939375
0.3563910400561227
0.487376819377587
0.16241846761287804
0.517254328871329
0.19504850134796634
0.29388349682729936
0.10185303880352013
0.8586149836426038
0.14359961305318775
-0.09654681302292344
0.5407290220553371
0.2698854264668957
0.14888180495683304
0.916171647504756
-0.26098581696227613
0.4897455956049683
1.5111751470143566
0.48314689287998763
-0.06713110376095514
1.3961212835648156
-0.11492254430455456
0.5617238157433556
0.72101500081523
0.5213288189407258
-0.27763477698961087
1.3281321068390313
0.6735703056498804
-0.06595851994789813
0.4430118438930199
0.43701431155418635
0.1287210084040449
0.3958378592351761
0.6095087678600911
-0.10978508741246924
0.3742626488617153
0.6495900740500651
-0.3622165915246115
0.6162175445412817
0.4500666824826419
0.21706189911378598
0.46864369458295035
0.44836204180257316
-0.06267758049127375
0.5840576403766004
0.1626875756139878
0.011311389883127566
0.6162183017625774
0.47653794385360726
0.09526689546340893
0.8442251654414316
-0.06542442540552247
0.22607337199829977
0.28758033120853227
0.37041393229248043
-0.2225248253388861
1.2173435762077263
0.11924888463046456
-0.1828090157447616
0.7516594734518772
0.6352171777921942
-0.28080627962145166
1.0360786826908395
-0.041204767570096716
0.543834548948112
0.5031957511203151
-0.09296266456911613
0.17414749396034765
0.3894676824661814
0.8704524590727721
0.11611848063581498
0.6397014036819325
0.06824775118157113
0.09273464944451663
0.2954605627164864
0.3358724233383089